1.3390228271484375
1.2393126678466797
1.181370162963867
1.1471274566650391
1.1102561950683594
1.0626078033447266
1.0361283111572266
1.0053790283203126
1.00754150390625
0.9575343322753906
0.9479207611083984
0.9322367095947266
0.8914063262939453
0.8922745513916016
0.8767931365966797
0.8566923522949219
0.8403366851806641
0.8429643249511719
0.8201708221435546
0.8165537261962891
0.8051748657226563
0.8069499969482422
0.7915684509277344
0.7692219543457032
0.7502442932128907
0.7560969543457031
0.7484178161621093
0.7385858917236328
0.7421712493896484
0.7130093383789062
0.714661865234375
0.713074951171875
0.6827439117431641
0.6779402923583985
0.670091552734375
0.6852165222167969
0.6523879241943359
0.6524988555908203
0.6517328643798828
0.6506591796875
0.6387366867065429
0.6138399887084961
0.6348121643066407
0.5821659851074219
0.5852299118041993
0.5896570587158203
0.5696451950073242
0.561486701965332
0.5599560928344727
0.5739892196655273
0.5153094863891602
0.4968830108642578
0.5127256011962891
0.5167167663574219
0.5050149536132813
0.5118585586547851
0.4773693466186523
0.47868240356445313
0.46596054077148436
0.45810550689697266
0.4627696990966797
0.46266578674316405
0.5707192993164063
0.5463431167602539
0.5550175476074218
0.5417643356323242
0.5512709045410156
0.5267892837524414
0.5183567428588867
0.5098386383056641
0.5268352127075195
0.526974983215332
0.4844175720214844
0.4949042510986328
0.4949496078491211
