0.364375
0.4475
0.4778125
0.51125
0.525
0.555
0.5678125
0.58
0.5784375
0.609375
0.62375
0.6315625
0.63625
0.634375
0.651875
0.6596875
0.6671875
0.6596875
0.669375
0.6825
0.675
0.679375
0.685625
0.69875
0.701875
0.710625
0.70875
0.7125
0.71125
0.7184375
0.7228125
0.719375
0.72375
0.74125
0.740625
0.7234375
0.746875
0.744375
0.745625
0.745625
0.753125
0.7559375
0.7540625
0.769375
0.778125
0.7790625
0.7759375
0.79
0.789375
0.7753125
0.8078125
0.80875
0.8125
0.811875
0.81
0.79625
0.82
0.8175
0.82125
0.834375
0.8246875
0.8284375
0.77875
0.7896875
0.7928125
0.788125
0.7875
0.808125
0.80375
0.8053125
0.800625
0.7978125
0.8140625
0.81125
0.81125
